camera_calibration:
  roll: 0.0627935827
  pitch: -0.876113415
  yaw: -0.029420739
  height: 0.991509736
  timestamp: 1774578612.6802511