image: /root/maps/1768209982399.pgm
resolution: 0.050000
origin: [-2.400000, -4.600000, 0.0]
negate: 0
occupied_thresh: 0.65
free_thresh: 0.196
