image: /home/aidlux/maps/1763520741819.pgm
resolution: 0.050000
origin: [-11.855369, -21.749828, 0.0]
negate: 0
occupied_thresh: 0.65
free_thresh: 0.196
