image: /home/aidlux/maps/1763520118418.pgm
resolution: 0.050000
origin: [-22.509915, -21.397418, 0.0]
negate: 0
occupied_thresh: 0.65
free_thresh: 0.196
